16 1072
32 86
48 28
64 16
80 15
96 43
112 46
128 53
144 49
160 45
176 20
192 20
208 15
224 16
240 34
256 31
272 38
288 40
304 32
320 31
336 20
352 18
368 20
384 9
400 18
416 15
432 18
448 15
464 10
480 21
496 17
512 8
528 8
544 5
560 6
576 11
592 4
608 14
624 8
640 7
656 6
672 9
688 13
704 7
720 5
736 15
752 11
768 7
784 7
800 12
816 6
832 2
848 6
864 8
880 6
896 6
912 3
928 4
944 5
960 5
976 6
992 2
1008 3
1024 4
1040 6
1056 1
1072 2
1088 2
1104 2
1120 2
1136 4
1152 4
1168 2
1184 6
1200 5
1216 3
1232 3
1248 2
1264 2
1280 3
1296 2
1312 5
1328 1
1344 5
1360 3
1376 3
1392 0
1408 3
1424 2
1440 1
1456 1
1472 1
1488 3
1504 3
1520 3
1536 3
1552 2
1568 0
1584 4
1600 0
1616 1
1632 2
1648 3
1664 4
1680 1
1696 3
1712 0
1728 3
1744 5
1760 2
1776 2
1792 4
1808 5
1824 3
1840 2
1856 2
1872 0
1888 3
1904 1
1920 2
1936 4
1952 2
1968 2
1984 2
2000 2
2016 0
2032 3
2048 3
2064 2
2080 0
2096 2
2112 2
2128 3
2144 2
2160 2
2176 2
2192 4
2208 2
2224 0
2240 1
2256 2
2272 1
2288 1
2304 2
2320 0
2336 2
2352 1
2368 1
2384 1
2400 2
2416 2
2432 3
2448 0
2464 3
2480 1
2496 0
2512 0
2528 0
2544 1
2560 3
2576 0
2592 1
2608 1
2624 0
2640 1
2656 1
2672 0
2688 2
2704 1
2720 1
2736 3
2752 1
2768 0
2784 2
2800 0
2816 1
2832 3
2848 0
2864 0
2880 1
2896 2
2912 0
2928 1
2944 1
2960 0
2976 3
2992 1
3008 0
3024 1
3040 0
3056 2
3072 1
3088 1
3104 0
3120 1
3136 0
3152 0
3168 0
3184 0
3200 2
3216 0
3232 0
3248 1
3264 2
3280 0
3296 1
3312 2
3328 2
3344 0
3360 1
3376 0
3392 1
3408 2
3424 1
3440 0
3456 0
3472 0
3488 0
3504 0
3520 1
3536 0
3552 1
3568 0
3584 2
3600 1
3616 0
3632 1
3648 0
3664 0
3680 1
3696 0
3712 0
3728 0
3744 0
3760 1
3776 0
3792 0
3808 1
3824 0
3840 0
3856 0
3872 0
3888 1
3904 1
3920 0
3936 1
3952 0
3968 0
3984 0
4000 0
4016 0
4032 0
4048 0
4064 0
4080 0
4096 0
4112 1
4128 0
4144 0
4160 1
4176 0
4192 0
4208 1
4224 0
4240 0
4256 1
4272 0
4288 0
4304 0
4320 1
4336 0
4352 1
4368 0
4384 0
4400 0
4416 1
4432 0
4448 0
4464 1
4480 0
4496 1
4512 1
4528 3
4544 0
4560 0
4576 0
4592 0
4608 0
4624 0
4640 2
4656 1
4672 0
4688 1
4704 0
4720 0
4736 1
4752 0
4768 0
4784 0
4800 0
4816 0
4832 0
4848 0
4864 1
4880 0
4896 0
4912 0
4928 1
4944 0
4960 0
4976 1
4992 0
5008 0
5024 0
5040 0
5056 2
5072 1
5088 0
5104 1
5120 0
5136 0
5152 0
5168 0
5184 0
5200 0
5216 1
5232 0
5248 0
5264 0
5280 0
5296 0
5312 0
5328 0
5344 0
5360 0
5376 0
5392 0
5408 0
5424 0
5440 1
5456 0
5472 0
5488 0
5504 0
5520 0
5536 0
5552 0
5568 0
5584 0
5600 0
5616 0
5632 0
5648 0
5664 0
5680 0
5696 0
5712 0
5728 0
5744 0
5760 0
5776 0
5792 0
5808 0
5824 0
5840 0
5856 0
5872 0
5888 0
5904 0
5920 0
5936 0
5952 0
5968 0
5984 0
6000 0
6016 0
6032 0
6048 0
6064 0
6080 0
6096 0
6112 0
6128 0
6144 0
6160 0
6176 0
6192 0
6208 0
6224 0
6240 0
6256 0
6272 0
6288 0
6304 1
6320 0
6336 0
6352 0
6368 0
6384 0
6400 0
6416 0
6432 0
6448 0
6464 0
6480 0
6496 0
6512 0
6528 0
6544 0
6560 0
6576 0
6592 0
6608 0
6624 0
6640 0
6656 0
6672 0
6688 0
6704 0
6720 0
6736 0
6752 0
6768 0
6784 0
6800 0
6816 0
6832 0
6848 0
6864 0
6880 0
6896 0
6912 0
6928 0
6944 0
6960 0
6976 0
6992 0
7008 0
7024 0
7040 0
7056 0
7072 0
7088 0
7104 0
7120 0
7136 0
7152 0
7168 0
7184 0
7200 0
7216 0
7232 0
7248 0
7264 0
7280 0
7296 1
7312 0
7328 0
7344 0
7360 0
7376 0
7392 0
7408 0
7424 0
7440 0
7456 0
7472 0
7488 0
7504 0
7520 0
7536 0
7552 0
7568 0
7584 0
7600 0
7616 0
7632 0
7648 0
7664 0
7680 0
7696 0
7712 0
7728 0
7744 0
7760 0
7776 0
7792 0
7808 0
7824 0
7840 0
7856 0
7872 0
7888 0
7904 0
7920 0
7936 0
7952 0
7968 0
7984 0
8000 0
8016 0
8032 0
8048 0
8064 0
8080 0
8096 0
8112 0
8128 0
8144 0
8160 0
8176 0
8192 0
8208 0
8224 0
8240 0
8256 0
8272 0
8288 0
8304 0
8320 0
8336 0
8352 0
8368 0
8384 0
8400 0
8416 0
8432 0
8448 0
8464 0
8480 0
8496 0
8512 0
8528 0
8544 0
8560 0
8576 0
8592 0
8608 0
8624 0
8640 0
8656 0
8672 0
8688 0
8704 0
8720 0
8736 0
8752 0
8768 0
8784 0
8800 0
8816 0
8832 0
8848 0
8864 0
8880 0
8896 0
8912 0
8928 0
8944 0
8960 0
8976 0
8992 0
9008 0
9024 0
9040 0
9056 0
9072 0
9088 0
9104 0
9120 0
9136 0
9152 0
9168 0
9184 0
9200 0
9216 0
9232 0
9248 0
9264 0
9280 0
9296 0
9312 0
9328 0
9344 0
9360 0
9376 0
9392 0
9408 0
9424 0
9440 0
9456 0
9472 0
9488 0
9504 0
9520 0
9536 0
9552 0
9568 0
9584 0
9600 0
9616 0
9632 0
9648 0
9664 0
9680 0
9696 0
9712 0
9728 0
9744 0
9760 0
9776 0
9792 0
9808 0
9824 0
9840 0
9856 0
9872 0
9888 0
9904 0
9920 0
9936 0
9952 0
9968 0
9984 0
10000 0
10016 0
10032 0
10048 0
10064 0
10080 0
10096 0
10112 0
10128 0
10144 0
10160 0
10176 0
10192 0
10208 0
10224 0
10240 0
10256 0
10272 0
10288 0
10304 0
10320 0
10336 0
10352 0
10368 0
10384 0
10400 0
10416 0
10432 0
10448 0
10464 0
10480 0
10496 0
10512 0
10528 0
10544 0
10560 0
10576 0
10592 0
10608 0
10624 1
10640 0
10656 0
10672 0
10688 0
10704 0
10720 0
10736 0
10752 0
10768 0
10784 0
10800 0
10816 0
10832 0
10848 0
10864 0
10880 0
10896 0
10912 0
10928 0
10944 0
10960 0
10976 0
10992 0
11008 0
11024 0
11040 0
11056 0
11072 0
11088 0
11104 0
11120 0
11136 0
11152 0
11168 0
11184 0
11200 0
11216 0
11232 0
11248 0
11264 0
11280 0
11296 0
11312 0
11328 0
11344 0
11360 0
11376 0
11392 0
11408 0
11424 0
11440 0
11456 0
11472 0
11488 0
11504 0
11520 0
11536 0
11552 0
11568 0
11584 0
11600 0
11616 0
11632 0
11648 0
11664 0
11680 0
11696 0
11712 0
11728 0
11744 0
11760 0
11776 0
11792 0
11808 0
11824 0
11840 0
11856 0
11872 0
11888 0
11904 0
11920 0
11936 0
11952 0
11968 0
11984 0
12000 0
12016 0
12032 0
12048 0
12064 0
12080 0
12096 0
12112 0
12128 0
12144 0
12160 0
12176 0
12192 0
12208 0
12224 0
12240 0
12256 0
12272 0
12288 0
12304 0
12320 0
12336 0
12352 0
12368 0
12384 0
12400 0
12416 0
12432 0
12448 0
12464 0
12480 0
12496 0
12512 0
12528 0
12544 0
12560 0
12576 0
12592 0
12608 0
12624 0
12640 0
12656 0
12672 0
12688 0
12704 0
12720 0
12736 0
12752 0
12768 0
12784 0
12800 0
12816 0
12832 0
12848 0
12864 0
12880 0
12896 0
12912 0
12928 0
12944 0
12960 0
12976 0
12992 0
13008 0
13024 0
13040 0
13056 0
13072 0
13088 0
13104 0
13120 0
13136 0
13152 0
13168 0
13184 0
13200 0
13216 0
13232 0
13248 0
13264 0
13280 0
13296 0
13312 0
13328 0
13344 0
13360 0
13376 0
13392 0
13408 0
13424 0
13440 0
13456 0
13472 0
13488 0
13504 0
13520 0
13536 0
13552 0
13568 0
13584 0
13600 0
13616 0
13632 0
13648 0
13664 0
13680 0
13696 0
13712 0
13728 0
13744 0
13760 0
13776 0
13792 0
13808 0
13824 0
13840 0
13856 0
13872 0
13888 0
13904 0
13920 0
13936 0
13952 0
13968 0
13984 0
14000 0
14016 0
14032 0
14048 0
14064 0
14080 0
14096 0
14112 0
14128 0
14144 0
14160 0
14176 0
14192 0
14208 0
14224 0
14240 0
14256 0
14272 0
14288 0
14304 0
14320 0
14336 0
14352 0
14368 0
14384 0
14400 0
14416 0
14432 0
14448 0
14464 0
14480 0
14496 0
14512 0
14528 0
14544 0
14560 0
14576 0
14592 0
14608 0
14624 0
14640 0
14656 0
14672 0
14688 0
14704 0
14720 0
14736 0
14752 0
14768 0
14784 0
14800 0
14816 0
14832 0
14848 0
14864 0
14880 0
14896 0
14912 0
14928 0
14944 0
14960 0
14976 0
14992 0
15008 0
15024 0
15040 0
15056 0
15072 0
15088 0
15104 0
15120 0
15136 0
15152 0
15168 0
15184 0
15200 0
15216 0
15232 0
15248 0
15264 0
15280 0
15296 0
15312 0
15328 0
15344 0
15360 0
15376 0
15392 0
15408 0
15424 0
15440 0
15456 0
15472 0
15488 0
15504 0
15520 0
15536 0
15552 0
15568 0
15584 0
15600 0
15616 0
15632 0
15648 0
15664 0
15680 0
15696 0
15712 0
15728 0
15744 0
15760 0
15776 0
15792 0
15808 0
15824 0
15840 0
15856 0
15872 0
15888 0
15904 0
15920 0
15936 0
15952 0
15968 0
15984 1
16000 0
