186 1226
372 279
558 132
744 52
930 31
1116 12
1302 17
1488 18
1674 18
1860 10
2046 17
2232 14
2418 9
2604 11
2790 7
2976 13
3162 11
3348 11
3534 6
3720 5
3906 7
4092 5
4278 6
4464 3
4650 7
4836 5
5022 3
5208 5
5394 4
5580 1
5766 4
5952 1
6138 2
6324 0
6510 5
6696 1
6882 1
7068 2
7254 3
7440 2
7626 0
7812 2
7998 0
8184 2
8370 0
8556 0
8742 0
8928 0
9114 1
9300 0
9486 0
9672 0
9858 0
10044 0
10230 0
10416 0
10602 0
10788 0
10974 0
11160 0
11346 0
11532 0
11718 0
11904 0
12090 0
12276 0
12462 0
12648 0
12834 0
13020 0
13206 0
13392 0
13578 0
13764 0
13950 0
14136 0
14322 0
14508 0
14694 0
14880 0
15066 0
15252 0
15438 0
15624 0
15810 1
15996 1
16182 0
16368 0
16554 0
16740 1
16926 0
17112 0
17298 0
17484 0
17670 0
17856 0
18042 0
18228 0
18414 0
18600 1
