19 799
38 94
57 35
76 20
95 45
114 52
133 56
152 69
171 32
190 29
209 14
228 26
247 37
266 45
285 44
304 34
323 30
342 21
361 18
380 11
399 15
418 12
437 21
456 18
475 13
494 19
513 15
532 8
551 5
570 6
589 6
608 7
627 5
646 7
665 4
684 4
703 3
722 5
741 3
760 5
779 3
798 4
817 4
836 0
855 2
874 4
893 6
912 3
931 2
950 1
969 4
988 2
1007 1
1026 1
1045 0
1064 2
1083 0
1102 1
1121 0
1140 2
1159 2
1178 3
1197 3
1216 1
1235 3
1254 1
1273 2
1292 0
1311 2
1330 0
1349 3
1368 5
1387 2
1406 2
1425 2
1444 2
1463 0
1482 0
1501 0
1520 0
1539 5
1558 3
1577 2
1596 1
1615 1
1634 1
1653 2
1672 2
1691 2
1710 1
1729 1
1748 1
1767 1
1786 1
1805 0
1824 1
1843 2
1862 1
1881 2
1900 2
1919 2
1938 3
1957 2
1976 2
1995 2
2014 1
2033 0
2052 1
2071 2
2090 1
2109 3
2128 2
2147 1
2166 1
2185 3
2204 0
2223 0
2242 2
2261 1
2280 0
2299 0
2318 1
2337 3
2356 2
2375 0
2394 1
2413 0
2432 0
2451 3
2470 2
2489 1
2508 2
2527 2
2546 0
2565 0
2584 1
2603 0
2622 0
2641 1
2660 0
2679 1
2698 0
2717 0
2736 2
2755 0
2774 1
2793 2
2812 3
2831 0
2850 1
2869 1
2888 2
2907 3
2926 0
2945 0
2964 3
2983 0
3002 2
3021 3
3040 3
3059 0
3078 1
3097 0
3116 0
3135 1
3154 1
3173 0
3192 0
3211 2
3230 0
3249 2
3268 0
3287 3
3306 1
3325 1
3344 2
3363 2
3382 0
3401 0
3420 1
3439 2
3458 0
3477 0
3496 1
3515 0
3534 0
3553 0
3572 0
3591 1
3610 1
3629 2
3648 0
3667 0
3686 1
3705 0
3724 1
3743 0
3762 0
3781 1
3800 0
3819 1
3838 0
3857 2
3876 0
3895 2
3914 0
3933 0
3952 1
3971 0
3990 1
4009 0
4028 0
4047 1
4066 1
4085 1
4104 0
4123 1
4142 0
4161 0
4180 1
4199 1
4218 1
4237 2
4256 0
4275 0
4294 0
4313 0
4332 0
4351 2
4370 0
4389 0
4408 0
4427 1
4446 0
4465 0
4484 1
4503 0
4522 0
4541 0
4560 1
4579 1
4598 1
4617 1
4636 1
4655 2
4674 1
4693 0
4712 2
4731 0
4750 0
4769 0
4788 0
4807 1
4826 0
4845 0
4864 0
4883 1
4902 0
4921 0
4940 0
4959 0
4978 1
4997 1
5016 0
5035 0
5054 0
5073 0
5092 1
5111 0
5130 1
5149 1
5168 2
5187 0
5206 0
5225 0
5244 0
5263 0
5282 0
5301 2
5320 1
5339 1
5358 0
5377 0
5396 0
5415 0
5434 0
5453 0
5472 0
5491 1
5510 0
5529 0
5548 0
5567 0
5586 0
5605 1
5624 1
5643 0
5662 0
5681 0
5700 1
5719 0
5738 1
5757 0
5776 0
5795 0
5814 0
5833 0
5852 1
5871 0
5890 0
5909 0
5928 0
5947 0
5966 0
5985 0
6004 1
6023 0
6042 1
6061 0
6080 0
6099 0
6118 0
6137 0
6156 0
6175 0
6194 0
6213 0
6232 0
6251 0
6270 0
6289 0
6308 0
6327 0
6346 0
6365 1
6384 1
6403 0
6422 1
6441 0
6460 0
6479 2
6498 0
6517 0
6536 0
6555 0
6574 0
6593 1
6612 0
6631 0
6650 0
6669 0
6688 0
6707 0
6726 0
6745 0
6764 1
6783 0
6802 0
6821 0
6840 0
6859 0
6878 0
6897 1
6916 1
6935 0
6954 0
6973 0
6992 0
7011 0
7030 0
7049 0
7068 0
7087 0
7106 1
7125 0
7144 0
7163 0
7182 1
7201 0
7220 0
7239 1
7258 0
7277 0
7296 1
7315 0
7334 0
7353 0
7372 0
7391 1
7410 0
7429 0
7448 0
7467 0
7486 0
7505 0
7524 0
7543 0
7562 0
7581 0
7600 0
7619 0
7638 1
7657 0
7676 0
7695 0
7714 0
7733 0
7752 0
7771 1
7790 0
7809 0
7828 0
7847 0
7866 0
7885 0
7904 0
7923 0
7942 0
7961 0
7980 0
7999 0
8018 0
8037 0
8056 1
8075 0
8094 1
8113 0
8132 0
8151 0
8170 0
8189 0
8208 0
8227 0
8246 0
8265 0
8284 0
8303 0
8322 0
8341 0
8360 0
8379 0
8398 0
8417 0
8436 0
8455 0
8474 0
8493 0
8512 0
8531 0
8550 0
8569 0
8588 0
8607 0
8626 0
8645 0
8664 0
8683 0
8702 0
8721 0
8740 0
8759 0
8778 0
8797 0
8816 0
8835 0
8854 0
8873 0
8892 0
8911 0
8930 0
8949 0
8968 0
8987 0
9006 0
9025 0
9044 1
9063 0
9082 0
9101 0
9120 0
9139 0
9158 0
9177 0
9196 0
9215 0
9234 0
9253 0
9272 0
9291 0
9310 0
9329 0
9348 0
9367 0
9386 0
9405 0
9424 0
9443 0
9462 0
9481 0
9500 0
9519 0
9538 0
9557 0
9576 0
9595 0
9614 0
9633 0
9652 0
9671 0
9690 0
9709 0
9728 0
9747 0
9766 0
9785 0
9804 0
9823 0
9842 0
9861 0
9880 0
9899 0
9918 0
9937 0
9956 0
9975 0
9994 0
10013 0
10032 0
10051 0
10070 0
10089 0
10108 0
10127 0
10146 0
10165 0
10184 0
10203 0
10222 0
10241 0
10260 0
10279 0
10298 0
10317 0
10336 0
10355 0
10374 0
10393 0
10412 0
10431 0
10450 0
10469 0
10488 0
10507 0
10526 0
10545 0
10564 0
10583 0
10602 0
10621 0
10640 0
10659 0
10678 0
10697 0
10716 0
10735 0
10754 0
10773 0
10792 0
10811 0
10830 0
10849 0
10868 0
10887 0
10906 0
10925 0
10944 0
10963 0
10982 0
11001 0
11020 0
11039 0
11058 0
11077 0
11096 0
11115 0
11134 0
11153 0
11172 0
11191 0
11210 0
11229 0
11248 0
11267 0
11286 0
11305 0
11324 0
11343 0
11362 0
11381 0
11400 0
11419 0
11438 0
11457 0
11476 0
11495 0
11514 0
11533 0
11552 0
11571 0
11590 0
11609 0
11628 0
11647 0
11666 0
11685 0
11704 0
11723 0
11742 0
11761 0
11780 0
11799 0
11818 0
11837 0
11856 0
11875 0
11894 0
11913 0
11932 0
11951 0
11970 0
11989 0
12008 0
12027 0
12046 0
12065 0
12084 0
12103 0
12122 0
12141 0
12160 0
12179 0
12198 0
12217 0
12236 0
12255 0
12274 0
12293 0
12312 0
12331 0
12350 0
12369 0
12388 0
12407 0
12426 0
12445 0
12464 0
12483 0
12502 0
12521 0
12540 0
12559 0
12578 0
12597 0
12616 0
12635 0
12654 0
12673 0
12692 0
12711 0
12730 0
12749 0
12768 0
12787 0
12806 0
12825 0
12844 0
12863 0
12882 0
12901 0
12920 0
12939 0
12958 0
12977 0
12996 0
13015 0
13034 0
13053 0
13072 0
13091 0
13110 0
13129 0
13148 0
13167 0
13186 0
13205 0
13224 0
13243 0
13262 0
13281 0
13300 0
13319 0
13338 0
13357 0
13376 0
13395 0
13414 0
13433 0
13452 0
13471 0
13490 0
13509 0
13528 0
13547 0
13566 0
13585 0
13604 0
13623 0
13642 0
13661 0
13680 0
13699 0
13718 0
13737 0
13756 0
13775 0
13794 0
13813 0
13832 0
13851 0
13870 0
13889 0
13908 0
13927 0
13946 0
13965 0
13984 0
14003 0
14022 0
14041 0
14060 0
14079 0
14098 0
14117 0
14136 0
14155 0
14174 0
14193 0
14212 0
14231 0
14250 0
14269 0
14288 0
14307 0
14326 0
14345 0
14364 0
14383 0
14402 0
14421 0
14440 0
14459 0
14478 0
14497 0
14516 0
14535 0
14554 0
14573 0
14592 0
14611 0
14630 0
14649 0
14668 0
14687 0
14706 0
14725 0
14744 0
14763 0
14782 0
14801 0
14820 0
14839 0
14858 0
14877 0
14896 0
14915 0
14934 0
14953 0
14972 0
14991 0
15010 0
15029 0
15048 0
15067 0
15086 0
15105 0
15124 0
15143 0
15162 0
15181 0
15200 0
15219 0
15238 0
15257 0
15276 0
15295 0
15314 0
15333 0
15352 0
15371 0
15390 0
15409 0
15428 0
15447 0
15466 0
15485 0
15504 0
15523 0
15542 0
15561 0
15580 0
15599 0
15618 0
15637 0
15656 0
15675 0
15694 0
15713 0
15732 0
15751 0
15770 0
15789 1
15808 0
15827 0
15846 0
15865 0
15884 0
15903 0
15922 0
15941 0
15960 0
15979 1
15998 0
16017 0
16036 0
16055 0
16074 0
16093 0
16112 0
16131 0
16150 0
16169 0
16188 0
16207 0
16226 0
16245 0
16264 0
16283 0
16302 0
16321 0
16340 0
16359 0
16378 0
16397 0
16416 0
16435 0
16454 0
16473 0
16492 0
16511 0
16530 0
16549 0
16568 0
16587 0
16606 0
16625 0
16644 0
16663 0
16682 0
16701 0
16720 0
16739 1
16758 0
16777 0
16796 0
16815 0
16834 0
16853 0
16872 0
16891 0
16910 0
16929 0
16948 0
16967 0
16986 0
17005 0
17024 0
17043 0
17062 0
17081 0
17100 0
17119 0
17138 0
17157 0
17176 0
17195 0
17214 0
17233 0
17252 0
17271 0
17290 0
17309 0
17328 0
17347 0
17366 0
17385 0
17404 0
17423 0
17442 0
17461 0
17480 0
17499 0
17518 0
17537 0
17556 0
17575 0
17594 0
17613 0
17632 0
17651 0
17670 0
17689 0
17708 0
17727 0
17746 0
17765 0
17784 0
17803 0
17822 0
17841 0
17860 0
17879 0
17898 0
17917 0
17936 0
17955 0
17974 0
17993 0
18012 0
18031 0
18050 0
18069 0
18088 0
18107 0
18126 0
18145 0
18164 0
18183 0
18202 0
18221 0
18240 0
18259 0
18278 0
18297 0
18316 0
18335 0
18354 0
18373 0
18392 0
18411 0
18430 0
18449 0
18468 0
18487 0
18506 0
18525 0
18544 0
18563 0
18582 1
18601 0
18620 0
18639 0
18658 0
18677 0
18696 0
18715 0
18734 0
18753 0
18772 0
18791 0
18810 0
18829 0
18848 0
18867 0
18886 0
18905 0
18924 0
18943 0
18962 0
18981 0
19000 0
