0
0
0
0
0
0
0
0
0
0
0
0
0
0
0
0
0
0
0
0
0
3
4
6
7
5
4
0
0
3
5
6
5
12
19
30
15
22
27
39
41
43
37
38
38
42
47
47
46
46
46
49
51
68
73
102
122
126
125
130
140
139
155
160
152
155
165
164
165
173
167
174
170
175
171
173
180
172
169
171
170
195
243
313
346
439
506
582
621
632
638
648
650
623
552
539
518
487
459
421
419
414
413
416
414
442
468
519
544
583
561
576
550
489
404
348
315
283
236
196
142
129
101
96
103
111
118
120
124
133
138
156
181
185
193
211
212
204
193
194
192
204
220
213
232
237
233
231
232
233
230
232
230
217
224
224
223
206
192
201
189
174
177
174
173
168
155
150
152
157
158
159
162
166
163
174
178
174
171
168
168
174
175
184
200
232
268
346
391
430
468
508
545
563
575
627
706
769
835
917
943
1017
1051
1047
1050
1040
986
960
894
854
850
846
843
851
827
839
827
816
796
778
753
694
624
547
489
428
356
298
255
193
150
134
142
162
157
149
161
156
149
144
144
149
154
155
153
169
195
208
213
215
206
209
207
198
203
204
205
210
208
209
215
227
224
225
222
208
204
204
204
204
205
207
215
209
182
154
143
130
108
101
111
121
128
136
140
152
156
156
166
157
162
159
154
145
148
154
170
187
204
236
299
365
474
588
701
837
933
1008
1051
1057
1063
1042
997
966
944
904
901
899
890
921
940
939
957
967
959
939
886
848
799
789
731
663
598
542
492
416
336
278
223
176
153
124
76
50
41
44
41
40
43
46
52
52
49
43
60
70
78
101
126
144
154
167
160
159
219
271
264
264
260
269
267
232
224
233
240
245
248
241
221
193
196
231
239
256
252
240
234
208
177
166
176
169
158
157
179
201
207
232
246
245
251
255
249
246
262
250
224
213
205
193
182
189
201
216
241
277
318
397
501
616
715
800
896
989
1031
1069
1104
1109
1115
1114
1113
1109
1067
1017
998
957
919
936
980
989
1026
1034
1036
1035
974
898
834
748
695
630
538
515
479
438
381
321
250
199
170
158
141
136
148
149
160
151
143
148
148
141
130
130
126
122
110
100
100
96
83
76
80
112
147
153
166
178
191
195
178
170
165
164
162
174
179
194
195
197
205
233
250
240
250
245
249
234
217
194
148
130
118
107
80
80
73
69
64
57
58
61
69
69
72
72
68
59
58
63
73
72
82
117
163
231
316
389
491
575
688
784
854
886
894
900
867
831
784
788
840
863
876
921
955
979
999
1017
1046
1034
1074
1050
1034
973
922
831
752
647
536
495
467
430
447
433
390
341
281
232
180
108
70
63
56
50
50
43
42
46
43
38
33
33
35
34
39
37
37
59
56
68
72
75
77
76
72
63
72
80
105
114
129
134
130
132
131
124
92
80
74
73
60
60
58
66
69
68
60
71
78
68
72
83
80
67
73
78
86
97
92
97
106
111
118
123
128
129
126
123
127
119
124
125
141
159
196
230
288
350
395
461
533
625
674
700
731
718
714
659
610
550
502
470
445
450
454
458
490
536
583
628
650
658
640
597
529
473
426
343
243
183
141
108
63
46
27
16
13
11
8
7
5
5
11
12
16
22
26
38
49
56
63
91
122
148
155
162
156
154
159
168
175
188
193
203
206
215
194
203
212
240
251
250
226
236
243
227
215
216
221
222
222
209
199
198
195
191
170
153
130
136
122
126
130
126
130
134
125
129
134
136
129
127
124
122
131
133
151
183
233
281
344
389
446
491
532
571
601
624
642
631
652
674
735
752
777
830
865
887
941
1011
1040
1081
1106
1092
1061
1064
980
955
906
844
781
720
696
686
686
679
684
665
651
633
605
554
456
391
320
291
254
232
211
193
170
153
145
130
114
100
86
67
71
72
79
84
86
83
86
99
154
191
222
230
237
237
226
175
125
105
90
88
86
85
98
114
124
125
142
146
153
148
132
106
87
75
46
44
41
41
43
38
36
36
33
33
40
37
38
33
32
37
53
70
77
92
113
149
207
255
289
337
392
412
428
441
487
491
448
446
452
463
464
495
505
519
588
649
710
768
803
848
829
808
780
749
710
658
597
546
507
487
467
435
419
402
382
395
407
423
405
408
391
358
296
250
182
137
114
100
70
69
64
63
71
89
103
112
113
125
130
137
141
116
128
147
150
138
134
126
130
151
168
177
186
201
224
239
269
264
257
249
240
233
211
206
193
189
189
182
184
192
207
183
178
162
140
122
110
129
142
150
157
158
161
163
145
136
137
147
148
142
138
137
134
130
131
146
170
200
244
301
371
464
556
632
676
731
792
817
827
823
813
793
773
774
789
833
851
892
940
1015
1067
1111
1115
1098
1071
1017
909
802
690
581
523
501
512
527
521
529
524
531
532
498
466
424
383
370
333
304
294
275
257
230
215
204
183
194
231
230
257
258
253
244
235
210
185
170
172
177
183
183
193
196
209
212
241
252
262
273
272
258
247
224
195
199
193
195
196
206
192
185
190
204
215
225
251
272
253
241
237
231
213
214
225
231
241
250
268
278
272
264
266
284
284
293
305
312
327
349
399
462
501
546
576
604
636
658
673
692
704
705
718
730
712
740
751
760
756
781
828
861
887
904
899
879
838
777
716
673
624
586
566
554
548
540
526
503
501
491
484
465
460
419
374
318
284
236
191
164
157
147
150
156
145
136
133
124
128
119
91
70
63
58
35
28
31
70
74
74
82
87
90
107
105
110
110
98
102
101
100
96
90
74
65
78
73
71
67
70
72
72
69
77
79
84
87
90
93
124
163
181
223
269
331
356
394
449
486
478
469
479
476
492
481
485
482
502
543
559
580
609
613
623
635
649
635
630
601
563
515
463
401
375
370
360
357
341
348
351
336
341
345
357
337
349
336
355
366
346
329
323
310
306
281
270
261
268
261
252
240
233
223
220
213
221
236
258
270
259
274
284
319
331
293
268
263
264
261
264
263
275
278
294
310
312
297
286
290
284
277
261
263
260
270
275
273
291
280
287
294
278
270
255
250
234
192
180
176
170
170
178
175
173
171
171
165
161
158
145
165
178
180
219
268
331
396
449
507
559
585
617
629
637
637
624
629
627
595
590
603
610
645
690
795
874
916
957
975
991
951
876
791
736
691
631
573
522
489
461
426
423
425
433
438
451
453
428
407
408
380
335
283
248
209
184
163
152
144
141
147
156
162
172
173
194
190
192
209
214
215
216
197
190
188
205
226
251
278
283
300
324
342
329
318
301
287
275
270
271
277
282
298
316
327
324
334
339
336
315
307
288
282
276
259
251
241
224
217
212
200
206
194
179
164
158
139
130
131
142
153
173
191
226
258
291
326
356
393
416
415
426
453
454
453
458
484
518
551
563
593
608
641
650
656
693
711
740
748
738
705
669
614
566
518
493
466
471
457
440
420
399
370
351
336
331
333
333
306
288
257
223
192
160
127
110
91
83
75
87
92
92
97
104
111
121
135
146
165
172
182
192
194
196
204
210
228
240
235
242
251
248
250
259
271
266
257
295
302
304
301
282
274
275
269
251
251
243
245
225
221
209
211
191
165
153
135
129
123
114
127
155
169
176
180
190
193
198
197
198
177
165
166
174
189
216
261
322
410
484
551
614
661
696
693
699
694
664
643
638
628
636
663
689
710
777
841
889
945
1004
1055
1078
1037
956
870
780
714
614
545
511
492
472
465
470
480
496
499
485
492
500
480
458
407
362
320
285
239
202
159
129
107
106
97
97
114
118
120
122
122
121
119
125
130
138
151
164
160
167
173
169
165
151
128
116
89
74
74
76
72
57
52
46
42
47
48
50
54
54
58
62
64
67
68
69
77
82
101
122
140
168
197
225
264
268
265
254
227
208
198
174
156
151
159
168
177
198
195
218
220
219
221
212
210
194
168
149
112
78
51
28
29
26
25
27
27
27
24
23
25
26
32
44
56
79
111
143
160
164
172
182
187
193
200
204
204
203
204
202
207
222
216
225
220
224
230
245
268
291
309
311
309
303
299
307
282
247
230
214
213
202
214
214
206
205
199
186
153
132
118
121
109
111
106
114
119
131
132
124
133
141
144
142
126
132
125
120
121
122
124
127
134
189
215
247
286
335
361
411
467
500
568
580
598
623
629
623
613
619
603
615
638
642
666
706
726
744
763
776
780
808
853
917
948
949
926
919
903
887
858
830
758
719
684
656
634
620
594
576
559
531
501
467
438
446
419
408
380
350
331
297
255
219
178
164
159
153
140
137
139
141
157
166
179
187
183
180
173
175
179
178
178
191
195
192
204
222
224
215
208
202
201
183
182
187
194
193
189
176
174
166
160
163
165
170
177
198
207
202
207
198
193
181
168
159
159
161
177
209
262
323
402
450
491
522
564
620
659
670
648
642
653
661
683
699
701
717
739
768
812
860
885
926
978
992
966
952
898
894
828
776
743
716
717
690
651
606
576
577
580
557
536
495
465
437
401
398
402
385
396
387
374
342
290
246
224
202
162
130
113
97
76
73
64
66
67
68
69
69
60
62
77
89
96
93
94
93
80
65
52
42
31
33
27
25
23
19
19
22
27
26
26
24
19
8
7
7
7
12
8
11
11
14
15
17
18
19
19
18
19
20
20
21
25
28
34
37
47
69
92
116
136
159
177
180
191
188
183
159
161
154
127
113
107
104
101
98
103
108
111
121
150
158
163
160
147
134
121
93
65
45
11
0
0
0
0
0
0
0
0
0
0
1
2
3
2
0
0
0
0
0
6
19
31
37
43
43
42
46
65
71
79
75
82
82
84
99
103
111
115
122
133
134
131
143
155
163
190
199
215
208
196
194
195
176
166
164
166
165
170
167
175
183
194
223
230
233
241
232
229
228
239
242
238
235
234
222
212
214
224
225
218
227
239
254
283
293
314
327
360
403
430
477
508
530
556
596
616
638
644
646
660
671
734
766
781
830
881
909
912
896
839
832
845
811
787
794
768
769
782
787
779
739
718
671
654
646
636
597
566
543
512
478
442
440
432
430
424
412
405
401
386
368
347
338
301
277
245
218
194
170
172
165
147
134
143
145
146
127
123
124
124
122
126
149
170
193
210
222
212
203
186
163
144
121
102
108
107
102
102
99
91
88
72
63
70
66
65
64
60
58
70
79
82
89
116
132
157
179
194
207
219
220
235
254
252
272
293
337
383
435
497
548
603
677
734
766
785
807
805
790
768
741
694
681
666
647
620
603
603
612
622
637
654
645
619
596
577
538
476
404
353
288
225
192
152
117
83
64
54
39
33
32
32
40
51
56
58
61
60
58
55
51
53
52
51
62
71
85
96
96
118
130
130
135
144
137
136
157
167
175
181
172
169
162
158
147
149
163
175
199
206
209
209
213
194
176
160
157
157
159
161
154
154
155
169
184
189
198
198
173
174
165
144
134
133
138
151
173
196
223
248
269
288
300
314
330
369
394
417
428
448
470
476
484
475
470
458
453
465
487
511
533
544
567
633
674
731
801
838
869
888
877
852
826
780
707
617
549
536
514
521
568
599
599
606
643
663
691
708
736
700
670
627
570
524
459
395
328
311
286
279
274
284
298
304
300
313
345
344
346
316
288
279
247
215
194
176
149
135
122
124
132
136
136
125
128
138
148
166
166
141
144
149
141
119
111
99
95
84
82
84
72
70
71
69
63
59
60
56
57
70
71
66
70
71
72
82
86
92
105
122
161
189
207
241
270
300
318
326
377
413
476
510
524
522
517
527
523
494
464
438
444
441
449
446
447
441
439
420
382
364
346
326
324
300
279
250
218
164
128
85
50
20
11
6
6
7
8
8
10
11
9
7
7
6
6
7
8
7
7
9
13
20
31
38
45
61
70
78
91
104
122
124
126
145
153
149
157
172
174
174
173
174
193
184
169
169
200
208
205
212
230
239
247
251
239
247
254
255
224
213
215
215
206
206
186
184
192
200
213
212
208
229
251
255
240
244
234
241
258
272
301
301
323
349
360
377
409
460
509
549
576
591
627
652
656
656
679
690
723
764
779
798
826
849
869
883
863
832
810
808
789
779
793
768
750
723
715
705
703
683
641
597
545
504
470
433
439
435
449
458
454
457
423
405
381
352
326
315
300
267
259
244
242
251
250
253
264
261
252
252
253
248
220
193
174
162
159
140
137
135
135
129
145
152
155
170
177
187
202
218
240
256
248
246
235
225
208
189
176
178
173
180
176
181
178
174
166
154
140
140
147
141
147
142
127
130
136
138
145
154
167
170
175
196
205
226
256
276
306
326
344
371
388
420
429
451
495
541
590
615
647
692
722
736
755
778
753
758
787
769
752
759
757
760
736
713
738
724
706
693
686
677
665
605
560
513
479
462
440
390
356
348
324
296
256
223
209
166
136
101
95
97
95
104
120
153
158
164
170
169
162
154
157
161
151
130
128
138
146
138
121
125
125
128
123
117
112
105
103
98
97
90
92
102
106
103
102
101
107
105
104
107
107
118
118
125
150
162
174
199
203
215
226
238
242
264
287
302
314
323
318
324
339
351
339
331
340
346
348
372
386
410
414
412
429
440
449
457
462
504
527
567
601
623
653
673
667
637
621
590
574
572
562
571
560
525
510
511
510
488
487
475
485
468
455
416
372
352
323
286
271
258
242
233
235
221
230
220
196
169
146
119
123
122
113
116
104
107
111
126
130
123
127
137
150
154
181
196
205
201
188
173
163
141
107
105
104
106
104
102
98
106
116
114
106
105
108
102
105
96
104
103
110
132
156
179
204
220
226
237
240
248
244
233
230
249
271
293
313
350
364
365
385
387
412
444
456
448
451
455
454
430
405
404
403
434
473
507
519
527
553
555
550
517
487
435
414
387
366
350
334
333
330
318
307
284
269
255
240
215
196
176
160
143
126
109
81
82
82
92
94
86
81
81
70
63
76
85
108
121
128
135
139
133
137
136
136
148
156
167
170
158
151
147
150
153
155
178
189
186
185
191
183
177
169
162
160
149
130
121
124
130
128
141
137
126
134
132
125
121
106
93
95
95
82
79
72
69
67
70
77
82
99
114
144
187
233
271
308
337
386
443
503
552
610
653
676
689
721
698
725
742
766
788
825
879
952
985
994
1002
1011
1011
990
935
902
886
841
813
772
719
651
578
523
472
460
477
481
478
490
461
417
354
279
205
168
119
81
61
32
20
21
22
23
23
25
25
26
25
25
27
24
